- name: TTC
  latitude: 35.118770
  longitude: -90.032434
  radius: 250
  icon: mdi:school

- name: Sedgwick
  latitude: 35.057951
  longitude: -89.790546
  radius: 250
  icon: mdi:city

- name: Heading Home
  latitude: 35.160015
  longitude: -89.717080
  radius: 4000
#    passive: true
